update_rate: 125
x0: [-29.1, 114.9]
s_end: 3.5
priors: [0.2599, 0.1352, 0.1344, 0.1377, 0.0550, 0.1664, 0.1113]
mu: [[-112.6856, 54.1569, -88.7499, -154.9200], [74.9928, -98.9324, 122.6443, 182.4869],
    [22.6435, 1.4977, -102.7541, 2.7533], [-22.5173, -123.9775,  299.0837,  -48.8174],
    [-64.5564, 98.1626, -160.4187, -170.3178], [78.6112, -17.0895, -101.3953, 115.8752],
    [-123.0283, -63.0123, 174.2271, -279.1635]]
sigma: [[[0.6009,  0.0300, -0.0491,  1.0150],
       [0.0300,  1.9033, -3.1190,  1.1773],
       [-0.0491, -3.1190,  5.9745, -2.1668],
       [1.0150,  1.1773, -2.1668,  3.1809]],
       [[0.6290,  0.1268, -1.2774,  1.5296],
        [0.1268,  0.9079, -2.3844,  0.3074],
        [-1.2774, -2.3844,  8.2566, -3.0188],
        [1.5296,  0.3074, -3.0188,  3.7767]],
        [[0.2605, -0.0328, -0.6769, 0.3306],
         [-0.0328, 0.0282, -0.1585, -0.1858],
         [-0.6769, -0.1585, 7.9287, 1.6320],
         [0.3306, -0.1858, 1.6320, 1.7752]],
        [[1.7232, -0.7104, 0.3933, 3.7694],
         [-0.7104, 0.7734, -1.2591, -1.5555],
         [0.3933, -1.2591, 3.6391, 0.7968],
         [3.7694, -1.5555, 0.7968, 8.5589]],
        [[1.094, -0.079, -0.568, 1.331],
           [-0.079, 2.376, -4.876, -2.423],
           [-0.568, -4.876, 15.627, 9.517],
           [1.331, -2.423, 9.517, 44.624]],
        [[0.4217, -0.3304, 0.2178, 1.2149],
         [-0.3304, 0.4037, -0.6332, -1.3119],
         [0.2178, -0.6332, 2.2057, 2.3334],
         [1.2149, -1.3119, 2.3334, 4.9441]],
        [[0.5734, -0.6797, 1.3006, 1.320],
         [-0.6797, 1.4485, -2.9368, -1.5774],
         [1.3006, -2.9368, 6.0104, 2.9347],
         [1.3200, -1.5774, 2.9347, 4.7359]]]
o_c: [-100, -70]
o_r: 30